<!DOCTYPE html>
<html>
<head>
<title>Numerical Analysis 3rd Edition Sauer </title>
<script type="text/javascript" async src="https://cdnjs.cloudflare.com/ajax/libs/mathjax/2.7.1/MathJax.js?config=TeX-MML-AM_CHTML"> </script>
</head>


<h2>Additional Examples 12.4 </h2>

<b>1</b> Use Matlab's <tt>svd</tt> command to find the best rank-two approximation to the \(5\times 5\) Hilbert matrix.

<hr>

For the \(5\times 5\) Hilbert matrix 
\[
H=\left[\begin{array}{ccccc}
1&1/2&1/3&1/4&1/5\\
1/2&1/3&1/4&1/5&1/6\\
1/3&1/4&1/5&1/6&1/7\\
1/4&1/5&1/6&1/7&1/8\\
1/5&1/6&1/7&1/8&1/9\\
\end{array}\right],
\]
Matlab's <tt>svd</tt> command returns
<pre>
u =

   -0.7679    0.6019   -0.2142    0.0472    0.0062
   -0.4458   -0.2759    0.7241   -0.4327   -0.1167
   -0.3216   -0.4249    0.1205    0.6674    0.5062
   -0.2534   -0.4439   -0.3096    0.2330   -0.7672
   -0.2098   -0.4290   -0.5652   -0.5576    0.3762

s =

    1.5671         0         0         0         0
         0    0.2085         0         0         0
         0         0    0.0114         0         0
         0         0         0    0.0003         0
         0         0         0         0    0.0000

v =

   -0.7679    0.6019   -0.2142    0.0472    0.0062
   -0.4458   -0.2759    0.7241   -0.4327   -0.1167
   -0.3216   -0.4249    0.1205    0.6674    0.5062
   -0.2534   -0.4439   -0.3096    0.2330   -0.7672
   -0.2098   -0.4290   -0.5652   -0.5576    0.3762
</pre>
The columns of \(U\) are \(u_1, u_2, u_3, u_4, u_5\) and the columns of \(V\) are \(v_1, v_2, v_3, v_4, v_5.\)
We rebuild \(H\) as a combination of two rank-one matrices 
\begin{eqnarray*} H &=& s_1u_1v_1^T+s_2u_2v_2^T = s_1u_1u_1^T+s_2u_2u_2^T=
1.5671 \left[\begin{array}{c}
-0.7679\\
-0.4458\\
-0.3216\\
-0.2534\\
-0.2098
\end{array}\right]
 \left[\begin{array}{c}
-0.7679\\
-0.4458\\
-0.3216\\
-0.2534\\
-0.2098
\end{array}\right]^T
+
0.2085 \left[\begin{array}{c}
0.6019\\
-0.2759\\
-0.4249\\
-0.4439\\
-0.4290
\end{array}\right]
\left[\begin{array}{c}
0.6019\\
-0.2759\\
-0.4249\\
-0.4439\\
-0.4290
\end{array}\right]^T\\
&=&
\left[\begin{array}{ccccc}
    0.9995&    0.5018&    0.3336&    0.2492&    0.1986\\
    0.5018&    0.3273&    0.2491&    0.2026&    0.1713\\
    0.3336&    0.2491&    0.1997&    0.1670&    0.1437\\
    0.2492&    0.2026&    0.1670&    0.1417&    0.1230\\
    0.1986&    0.1713&    0.1437&    0.1230&    0.1074
\end{array}\right], 
\end{eqnarray*}
<br clear="all" />
<p>

<hr><hr>

<b>2</b> Project the vectors
\[
\left[\begin{array}{r}
1\\-3\\-1\\4\\1
\end{array}\right], \ \ \ \
\left[\begin{array}{r}
8\\-14\\-1\\11\\1
\end{array}\right], \ \ \ \
\left[\begin{array}{r}
2\\-1\\1\\-2\\3
\end{array}\right], \ \ \ \ 
\left[\begin{array}{r}
-1\\-2\\-6\\13\\5
\end{array}\right] \]
onto the best least squares plane in \({\mathbb R}^5.\)
<p>
<hr>
Form the matrix
\[ A=\left[\begin{array}{rrrr}
     1&     8&     2&    -1\\
    -3&   -14&    -1&    -2\\
    -1&    -1&     1&    -6\\
     4 &   11&    -2&    13\\
     1&     1&     3&     5
\end{array}\right] \]
and find its SVD \(A=USV^T.\) The best plane is spanned by \(u_1\) and \(u_2,\) the first two columns of \(U.\) The projection of the four vectors
onto this plane is given by the columns of \(s_{11}u_1v_1^T+s_{22}u_2v_2^T, \) or equivalently by setting \(s_{33}=s_{44}=0\) in \(S\) and recomputing \(USV^T.\) The four projected vectors are the columns of the resulting matrix 
\[ A' = 
\left[\begin{array}{rrrr}
    1.2585&    8.0545&    1.0113&   -1.1969\\
   -2.8365&  -14.0184&   -1.1073&   -2.0426\\
   -1.1137&   -0.9645&    0.8518&   -6.0057\\
    4.0163&   10.8920&   -0.9707&   13.1603\\
    0.9428&    1.3739&   -0.5631&    4.4452
\end{array}\right] \]
<p>


</html>